male.out.p	female.exit.p	together.p	incubating.p	nest.pick.p	male.food.call.p	female.begging.p	unknown.call.p	food.share.p	intruder.p	vigilance.p	cl.size	n.hatch	egg.loss	n.fledge	max.chick	min.chick	total.chick	mean.chick
0	2.662359465	4.4993042	81.03037637	0	0	0	0	2.266550493	0	0.453310099	4	4	0	0	133.3	124.6	257.9	128.95
87.0787258	0.829302205	9.773253405	87.79163751	12.46960678	0	0.247649321	0	2.022391431	0	0.674130477	5	4	0	0	133.7	133.7	133.7	133.7
33.36545085	11.77261951	3.996393214	46.04525978	13.46233311	0	0	0	2.350062514	0	2.685785731	4	4	0	2	233.7	190	423.7	211.85
82.6321417	0.379378601	8.498289098	89.09363669	0	0	0	0	3.294302626	0.183016813	3.111285813	4	4	0	2	228.6	182.5	411.1	205.55
79.72756796	4.660392767	17.51816896	80.87755798	4.921459239	0.057054325	0	0.050684548	5.605403382	0	4.076657005	3	3	0	2	265.1	252.1	517.2	258.6
92.41221898	1.263469531	4.415412788	82.786128	13.37120051	0	0	0	4.506010916	0	4.915648272	5	4	0	1	245.5	97.1	342.6	171.3
88.92399981	0.786339729	7.94902461	90.91376815	0	0	0	0	3.191961553	0	3.191961553	4	3	0	2	252.9	219.1	472	236
78.80153327	1.48565062	11.5845231	91.43380912	5.983031934	0	0	0.636368404	5.273407116	0.175780237	0.878901186	3	3	0	1	258.8	258.8	258.8	258.8
73.16837617	0.456767809	3.325797839	77.37450766	0	0	0	0	0.456210219	0	0	6	6	0	0	NA	NA	NA	NA
93.65607111	5.177662078	4.707987305	78.93753723	7.86871702	0.05098092	0	0.100006076	6.114798647	0	7.687175443	3	3	0	2	255.9	222.5	478.4	239.2
80.42916803	0	7.013763109	87.94025028	0	0	0	0	2.343432442	0	1.673880316	5	5	0	2	256.2	228.1	484.3	242.15
95.09932606	2.479290193	4.064751251	86.94544806	0	0	0	0	2.697461436	0	1.517322058	4	3	0	2	236	103.7	556.4	185.46
80.66328715	1.659706868	16.42202846	86.13072766	5.558545041	0.051128586	0	1.327607721	4.969876043	0	0	4	4	0	2	204.1	131.8	335.9	167.95
20.53455362	7.943862976	4.960312886	38.00765154	13.84196234	0	0.385598171	0.04987368	4.49783133	0	2.453362543	4	4	0	2	212.2	152.5	364.7	182.35
89.0061651	5.179200672	2.610518008	86.33697249	7.793848712	0.167425857	0.510800456	0	3.041205233	0	0.675823385	4	1	0	0	NA	NA	NA	NA
86.26735578	1.383429363	8.543704557	77.12349623	0	0	0	0	4.346055606	0	2.005871818	5	4	0	3	198.5	167.6	561	187
86.79945267	2.014175439	9.928914432	89.39785146	5.705668637	0.082620601	0	1.41633827	6.251243427	0	1.42885564	5	4	1	3	209.8	175.3	583.3	194.43
93.39893178	4.484232865	3.248804271	86.52610748	7.929841846	0.033209741	0.453042306	0	3.371547325	0	2.022928395	4	1	0	0	NA	NA	NA	NA
88.77465082	1.958133085	7.344737401	81.57623599	0	0	0	0	1.47790213	0	1.662639897	3	1	2	1	260.4	260.4	260.4	260.4
43.99758622	4.720585637	5.310623118	86.2324953	6.31112187	0.021720048	0	1.156887858	2.229162794	0	1.371792488	5	4	1	3	205.3	139.6	543.4	181.13
80.14046758	5.324708383	2.644980193	88.05599154	7.329695188	0.039521955	0.298957315	0	0.679298345	0	2.717193381	4	1	0	1	222.9	222.9	222.9	222.9
0	4.304995878	0	85.51817107	0	0	0	0	0	0	0.760894986	3	1	0	0	NA	NA	NA	NA
58.40924449	1.997824863	16.10495035	90.16042638	5.346559059	0.038982242	0	0.727584884	1.625932866	0	1.083955244	6	6	0	2	193.6	112.5	491.8	163.93
92.63767957	2.743208889	6.306462022	84.0368588	15.2080698	0.165803734	0.890074505	0	3.926930533	0	1.070981054	5	5	0	2	224	164.1	388.1	194.05
92.72800243	9.209892162	2.91336014	78.68060337	0	0	0	0	2.902267975	0	0.682886582	5	4	0	3	244.5	228.1	702.8	234.27
82.87692741	2.302960827	7.490910648	81.12858765	0	0	0	0	4.472288154	0	2.40815516	5	1	1	1	269.9	269.9	269.9	269.9
69.45787857	2.671209503	23.10171651	86.86920184	2.254808147	0.065685674	0	1.278733925	7.171401475	0.170747654	2.04897185	4	4	0	3	220.5	199.7	637	212.33
91.98432147	5.682179035	6.448402981	83.81367315	0	0	0	0	10.10672578	0	0	4	4	0	3	229.8	195.3	649.3	216.43
72.28934258	6.111436699	13.88161301	76.22732683	13.72771364	0	0.314253533	0.489007581	1.708621877	0	8.201385009	3	1	1	1	205.1	205.1	205.1	205.1
92.16710437	1.687020242	3.987931262	85.03365416	0	0	0	0	11.3934394	0	2.136269887	4	4	0	2	221.9	208.1	430	215
92.49310103	5.33461069	2.540086659	80.35872243	6.56371186	0.009525211	0	0.362464645	9.291024125	0	2.23672803	5	4	1	2	229.4	227.9	457.3	228.65
77.04797276	4.628579144	18.82257753	84.54725468	6.442331469	0.118340314	0.226328755	0	2.341716461	0	1.672654615	4	4	0	2	200.6	190.2	390.8	195.4
91.92371887	0.569514899	4.598206527	80.82016587	0	0	0	0	1.675673567	0.335134713	9.71890669	6	5	0	0	NA	NA	NA	NA
86.48815218	3.148470554	8.912453189	72.55127426	0	0	0	0	5.169956807	0.397688985	7.556090717	4	4	0	2	221.9	217.5	439.4	219.7
82.8910291	9.241596092	13.09235503	78.32310702	6.830243793	0.066445906	0.048062984	0	2.062707059	0	1.031353529	5	4	0	0	NA	NA	NA	NA
69.25722504	2.586274173	8.425657059	86.20898488	6.779648992	0	0.626240855	0	3.701551701	0	3.331396531	4	2	0	1	216.3	216.3	216.3	216.3
59.83179304	4.746180917	1.501887452	77.78601293	0	0	0	0	6.090981212	0	2.707102761	3	3	0	2	228.3	160.6	388.9	194.45
83.14628451	0.572443672	8.620541857	89.01188302	5.895766417	0.064529855	0	0.494483228	6.283769808	0	1.221844129	6	2	2	0	NA	NA	NA	NA
85.76093479	3.877673482	7.237087063	77.37558073	0	0	0	0	3.52209134	0	4.863840421	6	NA	6	0	NA	NA	NA	NA
81.41862841	2.194888399	6.034125957	87.13894118	6.611627655	0.039488817	0	0.214338313	10.21735253	0	2.424456532	4	4	0	3	231.8	199.7	639	213
81.25429609	2.544960402	4.546297698	85.85443419	0	0	0	0	2.669772255	0	0.333721532	5	5	0	2	456.6	216.2	240.4	228.3
86.98074877	0	3.974334365	84.68556798	11.40591133	0.018925307	0	0.14286457	13.31669746	0	0.719821484	5	3	0	0	NA	NA	NA	NA
71.98807024	2.936935487	17.88782375	83.55618832	10.36129696	0	0.136069441	0	2.836010918	0	0	4	4	0	1	261.1	179.2	440.3	220.15
79.18883536	2.161602717	16.36184437	84.9789832	0	0	0	0	5.402639189	0	4.356967088	4	4	0	3	183.2	113.4	569.2	142.3
69.22834725	1.414435509	20.60217338	81.01970223	8.349261332	0.014497792	0	0.430957945	1.528069145	0.169785461	1.188498224	4	1	3	0	172.5	172.5	172.5	172.5
79.26722712	3.127529496	11.5563678	83.99406636	15.7103455	0.054327187	0.24127965	0	2.019389505	0	1.009694752	4	3	0	2	233.8	176.8	410.6	205.3
81.95899849	1.750272969	12.5179907	84.65408676	0	0	0	0	1.538682724	0	2.115688746	5	5	0	2	194.1	166.9	361	180.5
77.71205482	0.713524575	16.30477173	88.30826719	8.453650721	0.02925296	0	0.057514376	3.830744735	0	0.696499043	4	4	0	2	186.8	183.1	369.9	184.95
90.73225269	0.551013731	7.394464634	85.21255147	0	0	0	0	5.904220609	0	1.518228157	6	4	1	0	162.8	162.8	162.8	162.8
70.55949455	6.928091525	22.85884198	86.2167729	10.48272175	0	0.070748863	0	1.352427481	0	1.01432061	4	4	0	4	226.1	163.1	779	194.75
87.37192267	6.97178248	7.405775802	77.86218665	0	0	0	0	5.479664063	0	2.474686996	5	5	0	2	184.9	170.8	355.7	177.85
55.64219828	3.604652035	8.466812546	83.48327899	6.990555094	0.123236241	0	1.060411276	3.923863456	0	4.385494451	5	3	2	2	251.7	229.8	481.5	240.75
71.30307517	6.170834266	4.514245624	77.00574253	0	0	0	0	10.91793002	0	4.185206508	4	4	0	2	242	217	459	229.5
78.56725146	6.124667128	12.84350578	78.00309514	9.532409614	0.006865482	0	0.034341595	3.404371213	0	2.553278409	5	5	0	3	214.5	169.7	554.5	184.83
72.94583769	5.566587597	18.20707937	73.72824028	0	0	0	0	3.501843331	0	9.505003328	3	2	0	2	252.1	218.7	470.8	235.4
76.32219245	1.810847675	19.98351323	85.28845057	4.162532863	0.013036937	0	0.04169342	4.631543336	0	7.547700251	4	2	0	2	223.2	215.9	439.1	219.55
89.81606337	5.489821572	7.719348688	73.09681067	0	0	0	0	1.780314264	0	9.257634173	4	4	0	2	213	156.9	369.9	184.95
82.17633172	3.16851377	13.19395438	85.41790209	7.377361142	0	0	0	3.688117109	0	3.073430924	3	3	0	3	239	132.4	605.1	201.7
87.30004129	7.269222375	7.4602657	75.98294526	0	0	0	0	2.80845681	0	3.510571012	5	4	0	3	227.5	187.1	611	203.66
77.64913914	3.224538856	16.45802407	82.82129786	0	0	0	0	2.786545506	0	1.857697004	5	5	0	3	169.1	127	443.3	147.77
59.8606248	1.858473223	3.522589796	82.8004938	10.48682536	0.007886634	0	0.034884369	7.302666192	0	1.991636234	5	5	0	1	217.8	217.8	217.8	217.8
55.09473636	19.42301616	5.678508279	67.07467101	0	0	0	0	2.691679095	0	13.79485536	5	0	5	0	NA	NA	NA	NA
80.28894984	4.820884167	14.9130686	69.37083133	5.70686807	0.010013601	0	0	3.812687735	0	2.478247028	5	5	0	0	NA	NA	NA	NA
